version https://git-lfs.github.com/spec/v1
oid sha256:9d0a513eceb8dc95567d1345217e7a764f23a09a0147dd69eadd77c2289f3baf
size 3711222
